00000000 00000000 00000000 00000000
10001100 00000101 00000000 00000000
00000000 00000000 00000000 00000000
00000000 00000000 00000000 00000000
00000000 00000000 00000000 00000000
00100000 10100110 00000000 00000010
00000000 00000101 10001000 01000000
00000000 00000000 00000000 00000000
00000000 00000000 00000000 00000000
00000000 00000000 00000000 00000000
00010000 10110001 00000000 00000100
00000000 00000000 00000000 00000000
00000000 00000000 00000000 00000000
00000000 00000000 00000000 00000000
00010000 11010001 00000000 00000101
00000000 00000000 00000000 00000000
00000000 00000000 00000000 00000000
00000000 00000000 00000000 00000000
00000000 00000000 00000000 00000000
00000000 00000000 00000000 00000000
00000000 00000110 10010111 01000000
00000000 00000000 00000000 00000000
00000000 00000000 00000000 00000000
00000000 00000000 00000000 00000000
00000000 00010010 10011011 11000011
10101100 00010001 00000000 00000000
00000000 00000000 00000000 00000000
00000000 00000000 00000000 00000000
10101100 00010011 00000000 00000100
